
vectors
 6.3055115581476313    0.0000000000000000    0.0000000000000000
-3.1527557790738157    5.4607331932123655    0.0000000000000000
 0.0000000000000000    0.0000000000000000   19.2821593675937848
Fractional
Mo1 core   0.1666664999999909  0.3333335000000019  0.1567272576887007  0.0   1.0   0.0   1 1 1
Mo2 core   0.6666665000000052  0.3333335000000019  0.1567272576887007  0.0   1.0   0.0   1 1 1
Mo3 core   0.1666664999999909  0.8333334999999948  0.1567272576887007  0.0   1.0   0.0   1 1 1
Mo4 core   0.6666665000000052  0.8333334999999948  0.1567272576887007  0.0   1.0   0.0   1 1 1
Se1 core   0.3333335000000019  0.1666664999999909  0.2466041765560035  0.0   1.0   0.0   1 1 1
Se2 core   0.8333334999999948  0.1666664999999909  0.2466041765560035  0.0   1.0   0.0   1 1 1
Se3 core   0.3333335000000019  0.6666665000000052  0.2466041765560035  0.0   1.0   0.0   1 1 1
Se4 core   0.8333334999999948  0.6666665000000052  0.2466041765560035  0.0   1.0   0.0   1 1 1
Se5 core   0.3333335000000019  0.1666664999999909  0.0668503341374860  0.0   1.0   0.0   1 1 1
Se6 core   0.8333334999999948  0.1666664999999909  0.0668503341374860  0.0   1.0   0.0   1 1 1
Se7 core   0.3333335000000019  0.6666665000000052  0.0668503341374860  0.0   1.0   0.0   1 1 1
Se8 core   0.8333334999999948  0.6666665000000052  0.0668503341374860  0.0   1.0   0.0   1 1 1
