10
2.737858 5.459474 2.899355 1.564271 0.497155 0.406471 40.207491 13.307413 38.732344 53.106997 19.009780 2.035671 5.920621 80.154258 
2.737581 5.462144 2.888989 1.595726 0.479929 0.476537 39.951422 13.318994 39.562013 51.849255 19.026214 1.427334 5.913699 79.553607 
2.744904 5.458163 2.870572 1.589725 0.494870 0.396365 40.162377 13.171684 37.540289 51.290675 20.047126 1.906593 5.915625 82.870740 
2.713787 5.394912 2.853311 1.556087 0.481017 0.358965 40.276640 12.999701 40.878653 53.626355 18.920560 1.636202 5.922527 80.167095 
2.742712 5.367148 2.945029 1.530089 0.522503 0.402762 38.571833 13.198357 39.087062 51.725103 18.978591 1.993868 5.932143 76.649844 
2.742190 5.355223 3.009962 1.525760 0.516925 0.399651 39.274008 13.290486 39.144400 52.363169 18.956242 2.021580 5.929532 77.505740 
2.738367 5.501487 2.904875 1.538978 0.487430 0.407904 39.998833 13.330025 38.472619 51.170408 18.826954 1.957300 5.849671 80.729996 
2.736010 5.387090 2.854309 1.555570 0.511965 0.351838 40.329271 13.086515 39.906018 52.030385 18.729760 1.922742 6.054196 80.153724 
2.013374 8.319805 3.310181 1.075243 0.314304 0.461161 27.149885 7.886599 20.867655 58.137287 20.781348 1.713059 7.570693 82.822539 
2.632901 6.710223 3.616965 1.072258 0.558256 0.425455 30.804045 11.432028 20.925547 51.890965 17.693991 2.088194 7.156857 76.506849 
